1,12,2,3,1,1,2,3,1,3,4,3,1,5,0,3,2,6,1,19,1,19,9,23,1,23,9,27,1,10,27,31,1,13,31,35,1,35,10,39,2,39,9,43,1,43,13,47,1,5,47,51,1,6,51,55,1,13,55,59,1,59,6,63,1,63,10,67,2,67,6,71,1,71,5,75,2,75,10,79,1,79,6,83,1,83,5,87,1,87,6,91,1,91,13,95,1,95,6,99,2,99,10,103,1,103,6,107,2,6,107,111,1,13,111,115,2,115,10,119,1,119,5,123,2,10,123,127,2,127,9,131,1,5,131,135,2,10,135,139,2,139,9,143,1,143,2,147,1,5,147,0,99,2,0,14,0,1 12 [2] <(3)> 1 1 2 3 1 3 4 3 [1] 5 0 3 2 6 1 19 1 19 9 23 1 23 9 27 1 10 27 31 1 13 31 35 1 35 10 39 2 39 9 43 1 43 13 47 1 5 47 51 1 6 51 55 1 13 55 59 1 59 6 63 1 63 10 67 2 67 6 71 1 71 5 75 2 75 10 79 1 79 6 83 1 83 5 87 1 87 6 91 1 91 13 95 1 95 6 99 2 99 10 103 1 103 6 107 2 6 107 111 1 13 111 115 2 115 10 119 1 119 5 123 2 10 123 127 2 127 9 131 1 5 131 135 2 10 135 139 2 139 9 143 1 143 2 147 1 5 147 0 99 2 0 14 0 
0: setting 3 = (3) to 3 = (12)+(2) = 1+2

1 [12] [2] <3> 1 1 2 (3) 1 3 4 3 1 5 0 3 2 6 1 19 1 19 9 23 1 23 9 27 1 10 27 31 1 13 31 35 1 35 10 39 2 39 9 43 1 43 13 47 1 5 47 51 1 6 51 55 1 13 55 59 1 59 6 63 1 63 10 67 2 67 6 71 1 71 5 75 2 75 10 79 1 79 6 83 1 83 5 87 1 87 6 91 1 91 13 95 1 95 6 99 2 99 10 103 1 103 6 107 2 6 107 111 1 13 111 115 2 115 10 119 1 119 5 123 2 10 123 127 2 127 9 131 1 5 131 135 2 10 135 139 2 139 9 143 1 143 2 147 1 5 147 0 99 2 0 14 0 
4: setting 3 = (7) to 14 = (1)+(2) = 12+2

1 12 2 <[14]> [1] 1 2 3 1 3 4 (3) 1 5 0 3 2 6 1 19 1 19 9 23 1 23 9 27 1 10 27 31 1 13 31 35 1 35 10 39 2 39 9 43 1 43 13 47 1 5 47 51 1 6 51 55 1 13 55 59 1 59 6 63 1 63 10 67 2 67 6 71 1 71 5 75 2 75 10 79 1 79 6 83 1 83 5 87 1 87 6 91 1 91 13 95 1 95 6 99 2 99 10 103 1 103 6 107 2 6 107 111 1 13 111 115 2 115 10 119 1 119 5 123 2 10 123 127 2 127 9 131 1 5 131 135 2 10 135 139 2 139 9 143 1 143 2 147 1 5 147 0 99 2 0 14 0 
8: setting 3 = (11) to 15 = (3)+(4) = 14+1

[1] 12 2 <15> 1 [1] 2 3 1 3 4 3 1 5 0 (3) 2 6 1 19 1 19 9 23 1 23 9 27 1 10 27 31 1 13 31 35 1 35 10 39 2 39 9 43 1 43 13 47 1 5 47 51 1 6 51 55 1 13 55 59 1 59 6 63 1 63 10 67 2 67 6 71 1 71 5 75 2 75 10 79 1 79 6 83 1 83 5 87 1 87 6 91 1 91 13 95 1 95 6 99 2 99 10 103 1 103 6 107 2 6 107 111 1 13 111 115 2 115 10 119 1 119 5 123 2 10 123 127 2 127 9 131 1 5 131 135 2 10 135 139 2 139 9 143 1 143 2 147 1 5 147 0 99 2 0 14 0 
12: setting 3 = (15) to 2 = (5)+(0) = 1+1

1 {12} 2 2 1 1 {2} 3 1 3 4 3 1 5 0 3 2 6 1 <(19)> 1 19 9 23 1 23 9 27 1 10 27 31 1 13 31 35 1 35 10 39 2 39 9 43 1 43 13 47 1 5 47 51 1 6 51 55 1 13 55 59 1 59 6 63 1 63 10 67 2 67 6 71 1 71 5 75 2 75 10 79 1 79 6 83 1 83 5 87 1 87 6 91 1 91 13 95 1 95 6 99 2 99 10 103 1 103 6 107 2 6 107 111 1 13 111 115 2 115 10 119 1 119 5 123 2 10 123 127 2 127 9 131 1 5 131 135 2 10 135 139 2 139 9 143 1 143 2 147 1 5 147 0 99 2 0 14 0 
16: setting 19 = (19) to 24 = (6)*(1) = 2*12

1 12 2 2 1 1 2 3 1 [3] 4 3 1 5 0 3 2 6 1 [24] 1 19 9 <(23)> 1 23 9 27 1 10 27 31 1 13 31 35 1 35 10 39 2 39 9 43 1 43 13 47 1 5 47 51 1 6 51 55 1 13 55 59 1 59 6 63 1 63 10 67 2 67 6 71 1 71 5 75 2 75 10 79 1 79 6 83 1 83 5 87 1 87 6 91 1 91 13 95 1 95 6 99 2 99 10 103 1 103 6 107 2 6 107 111 1 13 111 115 2 115 10 119 1 119 5 123 2 10 123 127 2 127 9 131 1 5 131 135 2 10 135 139 2 139 9 143 1 143 2 147 1 5 147 0 99 2 0 14 0 
20: setting 23 = (23) to 27 = (19)+(9) = 24+3

1 12 2 2 1 1 2 3 1 [3] 4 3 1 5 0 3 2 6 1 24 1 19 9 [27] 1 23 9 <(27)> 1 10 27 31 1 13 31 35 1 35 10 39 2 39 9 43 1 43 13 47 1 5 47 51 1 6 51 55 1 13 55 59 1 59 6 63 1 63 10 67 2 67 6 71 1 71 5 75 2 75 10 79 1 79 6 83 1 83 5 87 1 87 6 91 1 91 13 95 1 95 6 99 2 99 10 103 1 103 6 107 2 6 107 111 1 13 111 115 2 115 10 119 1 119 5 123 2 10 123 127 2 127 9 131 1 5 131 135 2 10 135 139 2 139 9 143 1 143 2 147 1 5 147 0 99 2 0 14 0 
24: setting 27 = (27) to 30 = (23)+(9) = 27+3

1 12 2 2 1 1 2 3 1 3 [4] 3 1 5 0 3 2 6 1 24 1 19 9 27 1 23 9 [30] 1 10 27 <(31)> 1 13 31 35 1 35 10 39 2 39 9 43 1 43 13 47 1 5 47 51 1 6 51 55 1 13 55 59 1 59 6 63 1 63 10 67 2 67 6 71 1 71 5 75 2 75 10 79 1 79 6 83 1 83 5 87 1 87 6 91 1 91 13 95 1 95 6 99 2 99 10 103 1 103 6 107 2 6 107 111 1 13 111 115 2 115 10 119 1 119 5 123 2 10 123 127 2 127 9 131 1 5 131 135 2 10 135 139 2 139 9 143 1 143 2 147 1 5 147 0 99 2 0 14 0 
28: setting 31 = (31) to 34 = (10)+(27) = 4+30

1 12 2 2 1 1 2 3 1 3 4 3 1 [5] 0 3 2 6 1 24 1 19 9 27 1 23 9 30 1 10 27 [34] 1 13 31 <(35)> 1 35 10 39 2 39 9 43 1 43 13 47 1 5 47 51 1 6 51 55 1 13 55 59 1 59 6 63 1 63 10 67 2 67 6 71 1 71 5 75 2 75 10 79 1 79 6 83 1 83 5 87 1 87 6 91 1 91 13 95 1 95 6 99 2 99 10 103 1 103 6 107 2 6 107 111 1 13 111 115 2 115 10 119 1 119 5 123 2 10 123 127 2 127 9 131 1 5 131 135 2 10 135 139 2 139 9 143 1 143 2 147 1 5 147 0 99 2 0 14 0 
32: setting 35 = (35) to 39 = (13)+(31) = 5+34

1 12 2 2 1 1 2 3 1 3 [4] 3 1 5 0 3 2 6 1 24 1 19 9 27 1 23 9 30 1 10 27 34 1 13 31 [39] 1 35 10 <(39)> 2 39 9 43 1 43 13 47 1 5 47 51 1 6 51 55 1 13 55 59 1 59 6 63 1 63 10 67 2 67 6 71 1 71 5 75 2 75 10 79 1 79 6 83 1 83 5 87 1 87 6 91 1 91 13 95 1 95 6 99 2 99 10 103 1 103 6 107 2 6 107 111 1 13 111 115 2 115 10 119 1 119 5 123 2 10 123 127 2 127 9 131 1 5 131 135 2 10 135 139 2 139 9 143 1 143 2 147 1 5 147 0 99 2 0 14 0 
36: setting 39 = (39) to 43 = (35)+(10) = 39+4

1 12 2 2 1 1 2 3 1 {3} 4 3 1 5 0 3 2 6 1 24 1 19 9 27 1 23 9 30 1 10 27 34 1 13 31 39 1 35 10 {43} 2 39 9 <(43)> 1 43 13 47 1 5 47 51 1 6 51 55 1 13 55 59 1 59 6 63 1 63 10 67 2 67 6 71 1 71 5 75 2 75 10 79 1 79 6 83 1 83 5 87 1 87 6 91 1 91 13 95 1 95 6 99 2 99 10 103 1 103 6 107 2 6 107 111 1 13 111 115 2 115 10 119 1 119 5 123 2 10 123 127 2 127 9 131 1 5 131 135 2 10 135 139 2 139 9 143 1 143 2 147 1 5 147 0 99 2 0 14 0 
40: setting 43 = (43) to 129 = (39)*(9) = 43*3

1 12 2 2 1 1 2 3 1 3 4 3 1 [5] 0 3 2 6 1 24 1 19 9 27 1 23 9 30 1 10 27 34 1 13 31 39 1 35 10 43 2 39 9 [129] 1 43 13 <(47)> 1 5 47 51 1 6 51 55 1 13 55 59 1 59 6 63 1 63 10 67 2 67 6 71 1 71 5 75 2 75 10 79 1 79 6 83 1 83 5 87 1 87 6 91 1 91 13 95 1 95 6 99 2 99 10 103 1 103 6 107 2 6 107 111 1 13 111 115 2 115 10 119 1 119 5 123 2 10 123 127 2 127 9 131 1 5 131 135 2 10 135 139 2 139 9 143 1 143 2 147 1 5 147 0 99 2 0 14 0 
44: setting 47 = (47) to 134 = (43)+(13) = 129+5

1 12 2 2 1 [1] 2 3 1 3 4 3 1 5 0 3 2 6 1 24 1 19 9 27 1 23 9 30 1 10 27 34 1 13 31 39 1 35 10 43 2 39 9 129 1 43 13 [134] 1 5 47 <(51)> 1 6 51 55 1 13 55 59 1 59 6 63 1 63 10 67 2 67 6 71 1 71 5 75 2 75 10 79 1 79 6 83 1 83 5 87 1 87 6 91 1 91 13 95 1 95 6 99 2 99 10 103 1 103 6 107 2 6 107 111 1 13 111 115 2 115 10 119 1 119 5 123 2 10 123 127 2 127 9 131 1 5 131 135 2 10 135 139 2 139 9 143 1 143 2 147 1 5 147 0 99 2 0 14 0 
48: setting 51 = (51) to 135 = (5)+(47) = 1+134

1 12 2 2 1 1 [2] 3 1 3 4 3 1 5 0 3 2 6 1 24 1 19 9 27 1 23 9 30 1 10 27 34 1 13 31 39 1 35 10 43 2 39 9 129 1 43 13 134 1 5 47 [135] 1 6 51 <(55)> 1 13 55 59 1 59 6 63 1 63 10 67 2 67 6 71 1 71 5 75 2 75 10 79 1 79 6 83 1 83 5 87 1 87 6 91 1 91 13 95 1 95 6 99 2 99 10 103 1 103 6 107 2 6 107 111 1 13 111 115 2 115 10 119 1 119 5 123 2 10 123 127 2 127 9 131 1 5 131 135 2 10 135 139 2 139 9 143 1 143 2 147 1 5 147 0 99 2 0 14 0 
52: setting 55 = (55) to 137 = (6)+(51) = 2+135

1 12 2 2 1 1 2 3 1 3 4 3 1 [5] 0 3 2 6 1 24 1 19 9 27 1 23 9 30 1 10 27 34 1 13 31 39 1 35 10 43 2 39 9 129 1 43 13 134 1 5 47 135 1 6 51 [137] 1 13 55 <(59)> 1 59 6 63 1 63 10 67 2 67 6 71 1 71 5 75 2 75 10 79 1 79 6 83 1 83 5 87 1 87 6 91 1 91 13 95 1 95 6 99 2 99 10 103 1 103 6 107 2 6 107 111 1 13 111 115 2 115 10 119 1 119 5 123 2 10 123 127 2 127 9 131 1 5 131 135 2 10 135 139 2 139 9 143 1 143 2 147 1 5 147 0 99 2 0 14 0 
56: setting 59 = (59) to 142 = (13)+(55) = 5+137

1 12 2 2 1 1 [2] 3 1 3 4 3 1 5 0 3 2 6 1 24 1 19 9 27 1 23 9 30 1 10 27 34 1 13 31 39 1 35 10 43 2 39 9 129 1 43 13 134 1 5 47 135 1 6 51 137 1 13 55 [142] 1 59 6 <(63)> 1 63 10 67 2 67 6 71 1 71 5 75 2 75 10 79 1 79 6 83 1 83 5 87 1 87 6 91 1 91 13 95 1 95 6 99 2 99 10 103 1 103 6 107 2 6 107 111 1 13 111 115 2 115 10 119 1 119 5 123 2 10 123 127 2 127 9 131 1 5 131 135 2 10 135 139 2 139 9 143 1 143 2 147 1 5 147 0 99 2 0 14 0 
60: setting 63 = (63) to 144 = (59)+(6) = 142+2

1 12 2 2 1 1 2 3 1 3 [4] 3 1 5 0 3 2 6 1 24 1 19 9 27 1 23 9 30 1 10 27 34 1 13 31 39 1 35 10 43 2 39 9 129 1 43 13 134 1 5 47 135 1 6 51 137 1 13 55 142 1 59 6 [144] 1 63 10 <(67)> 2 67 6 71 1 71 5 75 2 75 10 79 1 79 6 83 1 83 5 87 1 87 6 91 1 91 13 95 1 95 6 99 2 99 10 103 1 103 6 107 2 6 107 111 1 13 111 115 2 115 10 119 1 119 5 123 2 10 123 127 2 127 9 131 1 5 131 135 2 10 135 139 2 139 9 143 1 143 2 147 1 5 147 0 99 2 0 14 0 
64: setting 67 = (67) to 148 = (63)+(10) = 144+4

1 12 2 2 1 1 {2} 3 1 3 4 3 1 5 0 3 2 6 1 24 1 19 9 27 1 23 9 30 1 10 27 34 1 13 31 39 1 35 10 43 2 39 9 129 1 43 13 134 1 5 47 135 1 6 51 137 1 13 55 142 1 59 6 144 1 63 10 {148} 2 67 6 <(71)> 1 71 5 75 2 75 10 79 1 79 6 83 1 83 5 87 1 87 6 91 1 91 13 95 1 95 6 99 2 99 10 103 1 103 6 107 2 6 107 111 1 13 111 115 2 115 10 119 1 119 5 123 2 10 123 127 2 127 9 131 1 5 131 135 2 10 135 139 2 139 9 143 1 143 2 147 1 5 147 0 99 2 0 14 0 
68: setting 71 = (71) to 296 = (67)*(6) = 148*2

1 12 2 2 1 [1] 2 3 1 3 4 3 1 5 0 3 2 6 1 24 1 19 9 27 1 23 9 30 1 10 27 34 1 13 31 39 1 35 10 43 2 39 9 129 1 43 13 134 1 5 47 135 1 6 51 137 1 13 55 142 1 59 6 144 1 63 10 148 2 67 6 [296] 1 71 5 <(75)> 2 75 10 79 1 79 6 83 1 83 5 87 1 87 6 91 1 91 13 95 1 95 6 99 2 99 10 103 1 103 6 107 2 6 107 111 1 13 111 115 2 115 10 119 1 119 5 123 2 10 123 127 2 127 9 131 1 5 131 135 2 10 135 139 2 139 9 143 1 143 2 147 1 5 147 0 99 2 0 14 0 
72: setting 75 = (75) to 297 = (71)+(5) = 296+1

1 12 2 2 1 1 2 3 1 3 {4} 3 1 5 0 3 2 6 1 24 1 19 9 27 1 23 9 30 1 10 27 34 1 13 31 39 1 35 10 43 2 39 9 129 1 43 13 134 1 5 47 135 1 6 51 137 1 13 55 142 1 59 6 144 1 63 10 148 2 67 6 296 1 71 5 {297} 2 75 10 <(79)> 1 79 6 83 1 83 5 87 1 87 6 91 1 91 13 95 1 95 6 99 2 99 10 103 1 103 6 107 2 6 107 111 1 13 111 115 2 115 10 119 1 119 5 123 2 10 123 127 2 127 9 131 1 5 131 135 2 10 135 139 2 139 9 143 1 143 2 147 1 5 147 0 99 2 0 14 0 
76: setting 79 = (79) to 1188 = (75)*(10) = 297*4

1 12 2 2 1 1 [2] 3 1 3 4 3 1 5 0 3 2 6 1 24 1 19 9 27 1 23 9 30 1 10 27 34 1 13 31 39 1 35 10 43 2 39 9 129 1 43 13 134 1 5 47 135 1 6 51 137 1 13 55 142 1 59 6 144 1 63 10 148 2 67 6 296 1 71 5 297 2 75 10 [1188] 1 79 6 <(83)> 1 83 5 87 1 87 6 91 1 91 13 95 1 95 6 99 2 99 10 103 1 103 6 107 2 6 107 111 1 13 111 115 2 115 10 119 1 119 5 123 2 10 123 127 2 127 9 131 1 5 131 135 2 10 135 139 2 139 9 143 1 143 2 147 1 5 147 0 99 2 0 14 0 
80: setting 83 = (83) to 1190 = (79)+(6) = 1188+2

1 12 2 2 1 [1] 2 3 1 3 4 3 1 5 0 3 2 6 1 24 1 19 9 27 1 23 9 30 1 10 27 34 1 13 31 39 1 35 10 43 2 39 9 129 1 43 13 134 1 5 47 135 1 6 51 137 1 13 55 142 1 59 6 144 1 63 10 148 2 67 6 296 1 71 5 297 2 75 10 1188 1 79 6 [1190] 1 83 5 <(87)> 1 87 6 91 1 91 13 95 1 95 6 99 2 99 10 103 1 103 6 107 2 6 107 111 1 13 111 115 2 115 10 119 1 119 5 123 2 10 123 127 2 127 9 131 1 5 131 135 2 10 135 139 2 139 9 143 1 143 2 147 1 5 147 0 99 2 0 14 0 
84: setting 87 = (87) to 1191 = (83)+(5) = 1190+1

1 12 2 2 1 1 [2] 3 1 3 4 3 1 5 0 3 2 6 1 24 1 19 9 27 1 23 9 30 1 10 27 34 1 13 31 39 1 35 10 43 2 39 9 129 1 43 13 134 1 5 47 135 1 6 51 137 1 13 55 142 1 59 6 144 1 63 10 148 2 67 6 296 1 71 5 297 2 75 10 1188 1 79 6 1190 1 83 5 [1191] 1 87 6 <(91)> 1 91 13 95 1 95 6 99 2 99 10 103 1 103 6 107 2 6 107 111 1 13 111 115 2 115 10 119 1 119 5 123 2 10 123 127 2 127 9 131 1 5 131 135 2 10 135 139 2 139 9 143 1 143 2 147 1 5 147 0 99 2 0 14 0 
88: setting 91 = (91) to 1193 = (87)+(6) = 1191+2

1 12 2 2 1 1 2 3 1 3 4 3 1 [5] 0 3 2 6 1 24 1 19 9 27 1 23 9 30 1 10 27 34 1 13 31 39 1 35 10 43 2 39 9 129 1 43 13 134 1 5 47 135 1 6 51 137 1 13 55 142 1 59 6 144 1 63 10 148 2 67 6 296 1 71 5 297 2 75 10 1188 1 79 6 1190 1 83 5 1191 1 87 6 [1193] 1 91 13 <(95)> 1 95 6 99 2 99 10 103 1 103 6 107 2 6 107 111 1 13 111 115 2 115 10 119 1 119 5 123 2 10 123 127 2 127 9 131 1 5 131 135 2 10 135 139 2 139 9 143 1 143 2 147 1 5 147 0 99 2 0 14 0 
92: setting 95 = (95) to 1198 = (91)+(13) = 1193+5

1 12 2 2 1 1 [2] 3 1 3 4 3 1 5 0 3 2 6 1 24 1 19 9 27 1 23 9 30 1 10 27 34 1 13 31 39 1 35 10 43 2 39 9 129 1 43 13 134 1 5 47 135 1 6 51 137 1 13 55 142 1 59 6 144 1 63 10 148 2 67 6 296 1 71 5 297 2 75 10 1188 1 79 6 1190 1 83 5 1191 1 87 6 1193 1 91 13 [1198] 1 95 6 <(99)> 2 99 10 103 1 103 6 107 2 6 107 111 1 13 111 115 2 115 10 119 1 119 5 123 2 10 123 127 2 127 9 131 1 5 131 135 2 10 135 139 2 139 9 143 1 143 2 147 1 5 147 0 99 2 0 14 0 
96: setting 99 = (99) to 1200 = (95)+(6) = 1198+2

1 12 2 2 1 1 2 3 1 3 {4} 3 1 5 0 3 2 6 1 24 1 19 9 27 1 23 9 30 1 10 27 34 1 13 31 39 1 35 10 43 2 39 9 129 1 43 13 134 1 5 47 135 1 6 51 137 1 13 55 142 1 59 6 144 1 63 10 148 2 67 6 296 1 71 5 297 2 75 10 1188 1 79 6 1190 1 83 5 1191 1 87 6 1193 1 91 13 1198 1 95 6 {1200} 2 99 10 <(103)> 1 103 6 107 2 6 107 111 1 13 111 115 2 115 10 119 1 119 5 123 2 10 123 127 2 127 9 131 1 5 131 135 2 10 135 139 2 139 9 143 1 143 2 147 1 5 147 0 99 2 0 14 0 
100: setting 103 = (103) to 4800 = (99)*(10) = 1200*4

1 12 2 2 1 1 [2] 3 1 3 4 3 1 5 0 3 2 6 1 24 1 19 9 27 1 23 9 30 1 10 27 34 1 13 31 39 1 35 10 43 2 39 9 129 1 43 13 134 1 5 47 135 1 6 51 137 1 13 55 142 1 59 6 144 1 63 10 148 2 67 6 296 1 71 5 297 2 75 10 1188 1 79 6 1190 1 83 5 1191 1 87 6 1193 1 91 13 1198 1 95 6 1200 2 99 10 [4800] 1 103 6 <(107)> 2 6 107 111 1 13 111 115 2 115 10 119 1 119 5 123 2 10 123 127 2 127 9 131 1 5 131 135 2 10 135 139 2 139 9 143 1 143 2 147 1 5 147 0 99 2 0 14 0 
104: setting 107 = (107) to 4802 = (103)+(6) = 4800+2

1 12 2 2 1 1 {2} 3 1 3 4 3 1 5 0 3 2 6 1 24 1 19 9 27 1 23 9 30 1 10 27 34 1 13 31 39 1 35 10 43 2 39 9 129 1 43 13 134 1 5 47 135 1 6 51 137 1 13 55 142 1 59 6 144 1 63 10 148 2 67 6 296 1 71 5 297 2 75 10 1188 1 79 6 1190 1 83 5 1191 1 87 6 1193 1 91 13 1198 1 95 6 1200 2 99 10 4800 1 103 6 {4802} 2 6 107 <(111)> 1 13 111 115 2 115 10 119 1 119 5 123 2 10 123 127 2 127 9 131 1 5 131 135 2 10 135 139 2 139 9 143 1 143 2 147 1 5 147 0 99 2 0 14 0 
108: setting 111 = (111) to 9604 = (6)*(107) = 2*4802

1 12 2 2 1 1 2 3 1 3 4 3 1 [5] 0 3 2 6 1 24 1 19 9 27 1 23 9 30 1 10 27 34 1 13 31 39 1 35 10 43 2 39 9 129 1 43 13 134 1 5 47 135 1 6 51 137 1 13 55 142 1 59 6 144 1 63 10 148 2 67 6 296 1 71 5 297 2 75 10 1188 1 79 6 1190 1 83 5 1191 1 87 6 1193 1 91 13 1198 1 95 6 1200 2 99 10 4800 1 103 6 4802 2 6 107 [9604] 1 13 111 <(115)> 2 115 10 119 1 119 5 123 2 10 123 127 2 127 9 131 1 5 131 135 2 10 135 139 2 139 9 143 1 143 2 147 1 5 147 0 99 2 0 14 0 
112: setting 115 = (115) to 9609 = (13)+(111) = 5+9604

1 12 2 2 1 1 2 3 1 3 {4} 3 1 5 0 3 2 6 1 24 1 19 9 27 1 23 9 30 1 10 27 34 1 13 31 39 1 35 10 43 2 39 9 129 1 43 13 134 1 5 47 135 1 6 51 137 1 13 55 142 1 59 6 144 1 63 10 148 2 67 6 296 1 71 5 297 2 75 10 1188 1 79 6 1190 1 83 5 1191 1 87 6 1193 1 91 13 1198 1 95 6 1200 2 99 10 4800 1 103 6 4802 2 6 107 9604 1 13 111 {9609} 2 115 10 <(119)> 1 119 5 123 2 10 123 127 2 127 9 131 1 5 131 135 2 10 135 139 2 139 9 143 1 143 2 147 1 5 147 0 99 2 0 14 0 
116: setting 119 = (119) to 38436 = (115)*(10) = 9609*4

1 12 2 2 1 [1] 2 3 1 3 4 3 1 5 0 3 2 6 1 24 1 19 9 27 1 23 9 30 1 10 27 34 1 13 31 39 1 35 10 43 2 39 9 129 1 43 13 134 1 5 47 135 1 6 51 137 1 13 55 142 1 59 6 144 1 63 10 148 2 67 6 296 1 71 5 297 2 75 10 1188 1 79 6 1190 1 83 5 1191 1 87 6 1193 1 91 13 1198 1 95 6 1200 2 99 10 4800 1 103 6 4802 2 6 107 9604 1 13 111 9609 2 115 10 [38436] 1 119 5 <(123)> 2 10 123 127 2 127 9 131 1 5 131 135 2 10 135 139 2 139 9 143 1 143 2 147 1 5 147 0 99 2 0 14 0 
120: setting 123 = (123) to 38437 = (119)+(5) = 38436+1

1 12 2 2 1 1 2 3 1 3 {4} 3 1 5 0 3 2 6 1 24 1 19 9 27 1 23 9 30 1 10 27 34 1 13 31 39 1 35 10 43 2 39 9 129 1 43 13 134 1 5 47 135 1 6 51 137 1 13 55 142 1 59 6 144 1 63 10 148 2 67 6 296 1 71 5 297 2 75 10 1188 1 79 6 1190 1 83 5 1191 1 87 6 1193 1 91 13 1198 1 95 6 1200 2 99 10 4800 1 103 6 4802 2 6 107 9604 1 13 111 9609 2 115 10 38436 1 119 5 {38437} 2 10 123 <(127)> 2 127 9 131 1 5 131 135 2 10 135 139 2 139 9 143 1 143 2 147 1 5 147 0 99 2 0 14 0 
124: setting 127 = (127) to 153748 = (10)*(123) = 4*38437

1 12 2 2 1 1 2 3 1 {3} 4 3 1 5 0 3 2 6 1 24 1 19 9 27 1 23 9 30 1 10 27 34 1 13 31 39 1 35 10 43 2 39 9 129 1 43 13 134 1 5 47 135 1 6 51 137 1 13 55 142 1 59 6 144 1 63 10 148 2 67 6 296 1 71 5 297 2 75 10 1188 1 79 6 1190 1 83 5 1191 1 87 6 1193 1 91 13 1198 1 95 6 1200 2 99 10 4800 1 103 6 4802 2 6 107 9604 1 13 111 9609 2 115 10 38436 1 119 5 38437 2 10 123 {153748} 2 127 9 <(131)> 1 5 131 135 2 10 135 139 2 139 9 143 1 143 2 147 1 5 147 0 99 2 0 14 0 
128: setting 131 = (131) to 461244 = (127)*(9) = 153748*3

1 12 2 2 1 [1] 2 3 1 3 4 3 1 5 0 3 2 6 1 24 1 19 9 27 1 23 9 30 1 10 27 34 1 13 31 39 1 35 10 43 2 39 9 129 1 43 13 134 1 5 47 135 1 6 51 137 1 13 55 142 1 59 6 144 1 63 10 148 2 67 6 296 1 71 5 297 2 75 10 1188 1 79 6 1190 1 83 5 1191 1 87 6 1193 1 91 13 1198 1 95 6 1200 2 99 10 4800 1 103 6 4802 2 6 107 9604 1 13 111 9609 2 115 10 38436 1 119 5 38437 2 10 123 153748 2 127 9 [461244] 1 5 131 <(135)> 2 10 135 139 2 139 9 143 1 143 2 147 1 5 147 0 99 2 0 14 0 
132: setting 135 = (135) to 461245 = (5)+(131) = 1+461244

1 12 2 2 1 1 2 3 1 3 {4} 3 1 5 0 3 2 6 1 24 1 19 9 27 1 23 9 30 1 10 27 34 1 13 31 39 1 35 10 43 2 39 9 129 1 43 13 134 1 5 47 135 1 6 51 137 1 13 55 142 1 59 6 144 1 63 10 148 2 67 6 296 1 71 5 297 2 75 10 1188 1 79 6 1190 1 83 5 1191 1 87 6 1193 1 91 13 1198 1 95 6 1200 2 99 10 4800 1 103 6 4802 2 6 107 9604 1 13 111 9609 2 115 10 38436 1 119 5 38437 2 10 123 153748 2 127 9 461244 1 5 131 {461245} 2 10 135 <(139)> 2 139 9 143 1 143 2 147 1 5 147 0 99 2 0 14 0 
136: setting 139 = (139) to 1844980 = (10)*(135) = 4*461245

1 12 2 2 1 1 2 3 1 {3} 4 3 1 5 0 3 2 6 1 24 1 19 9 27 1 23 9 30 1 10 27 34 1 13 31 39 1 35 10 43 2 39 9 129 1 43 13 134 1 5 47 135 1 6 51 137 1 13 55 142 1 59 6 144 1 63 10 148 2 67 6 296 1 71 5 297 2 75 10 1188 1 79 6 1190 1 83 5 1191 1 87 6 1193 1 91 13 1198 1 95 6 1200 2 99 10 4800 1 103 6 4802 2 6 107 9604 1 13 111 9609 2 115 10 38436 1 119 5 38437 2 10 123 153748 2 127 9 461244 1 5 131 461245 2 10 135 {1844980} 2 139 9 <(143)> 1 143 2 147 1 5 147 0 99 2 0 14 0 
140: setting 143 = (143) to 5534940 = (139)*(9) = 1844980*3

1 12 [2] 2 1 1 2 3 1 3 4 3 1 5 0 3 2 6 1 24 1 19 9 27 1 23 9 30 1 10 27 34 1 13 31 39 1 35 10 43 2 39 9 129 1 43 13 134 1 5 47 135 1 6 51 137 1 13 55 142 1 59 6 144 1 63 10 148 2 67 6 296 1 71 5 297 2 75 10 1188 1 79 6 1190 1 83 5 1191 1 87 6 1193 1 91 13 1198 1 95 6 1200 2 99 10 4800 1 103 6 4802 2 6 107 9604 1 13 111 9609 2 115 10 38436 1 119 5 38437 2 10 123 153748 2 127 9 461244 1 5 131 461245 2 10 135 1844980 2 139 9 [5534940] 1 143 2 <(147)> 1 5 147 0 99 2 0 14 0 
144: setting 147 = (147) to 5534942 = (143)+(2) = 5534940+2

<1> 12 2 2 1 [1] 2 3 1 3 4 3 1 5 0 3 2 6 1 24 1 19 9 27 1 23 9 30 1 10 27 34 1 13 31 39 1 35 10 43 2 39 9 129 1 43 13 134 1 5 47 135 1 6 51 137 1 13 55 142 1 59 6 144 1 63 10 148 2 67 6 296 1 71 5 297 2 75 10 1188 1 79 6 1190 1 83 5 1191 1 87 6 1193 1 91 13 1198 1 95 6 1200 2 99 10 4800 1 103 6 4802 2 6 107 9604 1 13 111 9609 2 115 10 38436 1 119 5 38437 2 10 123 153748 2 127 9 461244 1 5 131 461245 2 10 135 1844980 2 139 9 5534940 1 143 2 [5534942] 1 5 147 (0) 99 2 0 14 0 
148: setting 0 = (151) to 5534943 = (5)+(147) = 1+5534942

156 5534943
